4, 3, 2, 
4, 2, 1, 
6, 5, 3, 
6, 3, 4, 
8, 7, 5, 
8, 5, 6, 
10, 9, 7, 
10, 7, 8, 
12, 11, 9, 
12, 9, 10, 
14, 13, 11, 
14, 11, 12, 
16, 15, 13, 
16, 13, 14, 
18, 17, 15, 
18, 15, 16, 
20, 19, 17, 
20, 17, 18, 
22, 21, 19, 
22, 19, 20, 
24, 23, 21, 
24, 21, 22, 
26, 25, 23, 
26, 23, 24, 
28, 27, 25, 
28, 25, 26, 
30, 29, 27, 
30, 27, 28, 
32, 31, 29, 
32, 29, 30, 
34, 33, 31, 
34, 31, 32, 
36, 35, 33, 
36, 33, 34, 
38, 37, 35, 
38, 35, 36, 
40, 39, 37, 
40, 37, 38, 
42, 41, 39, 
42, 39, 40, 
44, 43, 41, 
44, 41, 42, 
46, 45, 43, 
46, 43, 44, 
48, 47, 45, 
48, 45, 46, 
50, 49, 47, 
50, 47, 48, 
52, 51, 49, 
52, 49, 50, 
54, 53, 51, 
54, 51, 52, 
56, 55, 53, 
56, 53, 54, 
58, 57, 55, 
58, 55, 56, 
3, 60, 59, 
3, 59, 2, 
5, 61, 60, 
5, 60, 3, 
7, 62, 61, 
7, 61, 5, 
9, 63, 62, 
9, 62, 7, 
11, 64, 63, 
11, 63, 9, 
13, 65, 64, 
13, 64, 11, 
15, 66, 65, 
15, 65, 13, 
17, 67, 66, 
17, 66, 15, 
19, 68, 67, 
19, 67, 17, 
21, 69, 68, 
21, 68, 19, 
23, 70, 69, 
23, 69, 21, 
25, 71, 70, 
25, 70, 23, 
27, 72, 71, 
27, 71, 25, 
29, 73, 72, 
29, 72, 27, 
31, 74, 73, 
31, 73, 29, 
33, 75, 74, 
33, 74, 31, 
35, 76, 75, 
35, 75, 33, 
37, 77, 76, 
37, 76, 35, 
39, 78, 77, 
39, 77, 37, 
41, 79, 78, 
41, 78, 39, 
43, 80, 79, 
43, 79, 41, 
45, 81, 80, 
45, 80, 43, 
47, 82, 81, 
47, 81, 45, 
49, 83, 82, 
49, 82, 47, 
51, 84, 83, 
51, 83, 49, 
53, 85, 84, 
53, 84, 51, 
55, 86, 85, 
55, 85, 53, 
57, 87, 86, 
57, 86, 55, 
60, 89, 88, 
60, 88, 59, 
61, 90, 89, 
61, 89, 60, 
62, 91, 90, 
62, 90, 61, 
63, 92, 91, 
63, 91, 62, 
64, 93, 92, 
64, 92, 63, 
65, 94, 93, 
65, 93, 64, 
66, 95, 94, 
66, 94, 65, 
67, 96, 95, 
67, 95, 66, 
68, 97, 96, 
68, 96, 67, 
69, 98, 97, 
69, 97, 68, 
70, 99, 98, 
70, 98, 69, 
71, 100, 99, 
71, 99, 70, 
72, 101, 100, 
72, 100, 71, 
73, 102, 101, 
73, 101, 72, 
74, 103, 102, 
74, 102, 73, 
75, 104, 103, 
75, 103, 74, 
76, 105, 104, 
76, 104, 75, 
77, 106, 105, 
77, 105, 76, 
78, 107, 106, 
78, 106, 77, 
79, 108, 107, 
79, 107, 78, 
80, 109, 108, 
80, 108, 79, 
81, 110, 109, 
81, 109, 80, 
82, 111, 110, 
82, 110, 81, 
83, 112, 111, 
83, 111, 82, 
84, 113, 112, 
84, 112, 83, 
85, 114, 113, 
85, 113, 84, 
86, 115, 114, 
86, 114, 85, 
87, 116, 115, 
87, 115, 86, 
89, 118, 117, 
89, 117, 88, 
90, 119, 118, 
90, 118, 89, 
91, 120, 119, 
91, 119, 90, 
92, 121, 120, 
92, 120, 91, 
93, 122, 121, 
93, 121, 92, 
94, 123, 122, 
94, 122, 93, 
95, 124, 123, 
95, 123, 94, 
96, 125, 124, 
96, 124, 95, 
97, 126, 125, 
97, 125, 96, 
98, 127, 126, 
98, 126, 97, 
99, 128, 127, 
99, 127, 98, 
100, 129, 128, 
100, 128, 99, 
101, 130, 129, 
101, 129, 100, 
102, 131, 130, 
102, 130, 101, 
103, 132, 131, 
103, 131, 102, 
104, 133, 132, 
104, 132, 103, 
105, 134, 133, 
105, 133, 104, 
106, 135, 134, 
106, 134, 105, 
107, 136, 135, 
107, 135, 106, 
108, 137, 136, 
108, 136, 107, 
109, 138, 137, 
109, 137, 108, 
110, 139, 138, 
110, 138, 109, 
111, 140, 139, 
111, 139, 110, 
112, 141, 140, 
112, 140, 111, 
113, 142, 141, 
113, 141, 112, 
114, 143, 142, 
114, 142, 113, 
115, 144, 143, 
115, 143, 114, 
116, 145, 144, 
116, 144, 115, 
118, 147, 146, 
118, 146, 117, 
119, 148, 147, 
119, 147, 118, 
120, 149, 148, 
120, 148, 119, 
121, 150, 149, 
121, 149, 120, 
122, 151, 150, 
122, 150, 121, 
123, 152, 151, 
123, 151, 122, 
124, 153, 152, 
124, 152, 123, 
125, 154, 153, 
125, 153, 124, 
126, 155, 154, 
126, 154, 125, 
127, 156, 155, 
127, 155, 126, 
128, 157, 156, 
128, 156, 127, 
129, 158, 157, 
129, 157, 128, 
130, 159, 158, 
130, 158, 129, 
131, 160, 159, 
131, 159, 130, 
132, 161, 160, 
132, 160, 131, 
133, 162, 161, 
133, 161, 132, 
134, 163, 162, 
134, 162, 133, 
135, 164, 163, 
135, 163, 134, 
136, 165, 164, 
136, 164, 135, 
137, 166, 165, 
137, 165, 136, 
138, 167, 166, 
138, 166, 137, 
139, 168, 167, 
139, 167, 138, 
140, 169, 168, 
140, 168, 139, 
141, 170, 169, 
141, 169, 140, 
142, 171, 170, 
142, 170, 141, 
143, 172, 171, 
143, 171, 142, 
144, 173, 172, 
144, 172, 143, 
145, 174, 173, 
145, 173, 144, 
147, 176, 175, 
147, 175, 146, 
148, 177, 176, 
148, 176, 147, 
149, 178, 177, 
149, 177, 148, 
150, 179, 178, 
150, 178, 149, 
151, 180, 179, 
151, 179, 150, 
152, 181, 180, 
152, 180, 151, 
153, 182, 181, 
153, 181, 152, 
154, 183, 182, 
154, 182, 153, 
155, 184, 183, 
155, 183, 154, 
156, 185, 184, 
156, 184, 155, 
157, 186, 185, 
157, 185, 156, 
158, 187, 186, 
158, 186, 157, 
159, 188, 187, 
159, 187, 158, 
160, 189, 188, 
160, 188, 159, 
161, 190, 189, 
161, 189, 160, 
162, 191, 190, 
162, 190, 161, 
163, 192, 191, 
163, 191, 162, 
164, 193, 192, 
164, 192, 163, 
165, 194, 193, 
165, 193, 164, 
166, 195, 194, 
166, 194, 165, 
167, 196, 195, 
167, 195, 166, 
168, 197, 196, 
168, 196, 167, 
169, 198, 197, 
169, 197, 168, 
170, 199, 198, 
170, 198, 169, 
171, 200, 199, 
171, 199, 170, 
172, 201, 200, 
172, 200, 171, 
173, 202, 201, 
173, 201, 172, 
174, 203, 202, 
174, 202, 173, 
176, 205, 204, 
176, 204, 175, 
177, 206, 205, 
177, 205, 176, 
178, 207, 206, 
178, 206, 177, 
179, 208, 207, 
179, 207, 178, 
180, 209, 208, 
180, 208, 179, 
181, 210, 209, 
181, 209, 180, 
182, 211, 210, 
182, 210, 181, 
183, 212, 211, 
183, 211, 182, 
184, 213, 212, 
184, 212, 183, 
185, 214, 213, 
185, 213, 184, 
186, 215, 214, 
186, 214, 185, 
187, 216, 215, 
187, 215, 186, 
188, 217, 216, 
188, 216, 187, 
189, 218, 217, 
189, 217, 188, 
190, 219, 218, 
190, 218, 189, 
191, 220, 219, 
191, 219, 190, 
192, 221, 220, 
192, 220, 191, 
193, 222, 221, 
193, 221, 192, 
194, 223, 222, 
194, 222, 193, 
195, 224, 223, 
195, 223, 194, 
196, 225, 224, 
196, 224, 195, 
197, 226, 225, 
197, 225, 196, 
198, 227, 226, 
198, 226, 197, 
199, 228, 227, 
199, 227, 198, 
200, 229, 228, 
200, 228, 199, 
201, 230, 229, 
201, 229, 200, 
202, 231, 230, 
202, 230, 201, 
203, 232, 231, 
203, 231, 202, 
205, 234, 233, 
205, 233, 204, 
206, 235, 234, 
206, 234, 205, 
207, 236, 235, 
207, 235, 206, 
208, 237, 236, 
208, 236, 207, 
209, 238, 237, 
209, 237, 208, 
210, 239, 238, 
210, 238, 209, 
211, 240, 239, 
211, 239, 210, 
212, 241, 240, 
212, 240, 211, 
213, 242, 241, 
213, 241, 212, 
214, 243, 242, 
214, 242, 213, 
215, 244, 243, 
215, 243, 214, 
216, 245, 244, 
216, 244, 215, 
217, 246, 245, 
217, 245, 216, 
218, 247, 246, 
218, 246, 217, 
219, 248, 247, 
219, 247, 218, 
220, 249, 248, 
220, 248, 219, 
221, 250, 249, 
221, 249, 220, 
222, 251, 250, 
222, 250, 221, 
223, 252, 251, 
223, 251, 222, 
224, 253, 252, 
224, 252, 223, 
225, 254, 253, 
225, 253, 224, 
226, 255, 254, 
226, 254, 225, 
227, 256, 255, 
227, 255, 226, 
228, 257, 256, 
228, 256, 227, 
229, 258, 257, 
229, 257, 228, 
230, 259, 258, 
230, 258, 229, 
231, 260, 259, 
231, 259, 230, 
232, 261, 260, 
232, 260, 231, 
234, 263, 262, 
234, 262, 233, 
235, 264, 263, 
235, 263, 234, 
236, 265, 264, 
236, 264, 235, 
237, 266, 265, 
237, 265, 236, 
238, 267, 266, 
238, 266, 237, 
239, 268, 267, 
239, 267, 238, 
240, 269, 268, 
240, 268, 239, 
241, 270, 269, 
241, 269, 240, 
242, 271, 270, 
242, 270, 241, 
243, 272, 271, 
243, 271, 242, 
244, 273, 272, 
244, 272, 243, 
245, 274, 273, 
245, 273, 244, 
246, 275, 274, 
246, 274, 245, 
247, 276, 275, 
247, 275, 246, 
248, 277, 276, 
248, 276, 247, 
249, 278, 277, 
249, 277, 248, 
250, 279, 278, 
250, 278, 249, 
251, 280, 279, 
251, 279, 250, 
252, 281, 280, 
252, 280, 251, 
253, 282, 281, 
253, 281, 252, 
254, 283, 282, 
254, 282, 253, 
255, 284, 283, 
255, 283, 254, 
256, 285, 284, 
256, 284, 255, 
257, 286, 285, 
257, 285, 256, 
258, 287, 286, 
258, 286, 257, 
259, 288, 287, 
259, 287, 258, 
260, 289, 288, 
260, 288, 259, 
261, 290, 289, 
261, 289, 260, 
263, 292, 291, 
263, 291, 262, 
264, 293, 292, 
264, 292, 263, 
265, 294, 293, 
265, 293, 264, 
266, 295, 294, 
266, 294, 265, 
267, 296, 295, 
267, 295, 266, 
268, 297, 296, 
268, 296, 267, 
269, 298, 297, 
269, 297, 268, 
270, 299, 298, 
270, 298, 269, 
271, 300, 299, 
271, 299, 270, 
272, 301, 300, 
272, 300, 271, 
273, 302, 301, 
273, 301, 272, 
274, 303, 302, 
274, 302, 273, 
275, 304, 303, 
275, 303, 274, 
276, 305, 304, 
276, 304, 275, 
277, 306, 305, 
277, 305, 276, 
278, 307, 306, 
278, 306, 277, 
279, 308, 307, 
279, 307, 278, 
280, 309, 308, 
280, 308, 279, 
281, 310, 309, 
281, 309, 280, 
282, 311, 310, 
282, 310, 281, 
283, 312, 311, 
283, 311, 282, 
284, 313, 312, 
284, 312, 283, 
285, 314, 313, 
285, 313, 284, 
286, 315, 314, 
286, 314, 285, 
287, 316, 315, 
287, 315, 286, 
288, 317, 316, 
288, 316, 287, 
289, 318, 317, 
289, 317, 288, 
290, 319, 318, 
290, 318, 289, 
292, 321, 320, 
292, 320, 291, 
293, 322, 321, 
293, 321, 292, 
294, 323, 322, 
294, 322, 293, 
295, 324, 323, 
295, 323, 294, 
296, 325, 324, 
296, 324, 295, 
297, 326, 325, 
297, 325, 296, 
298, 327, 326, 
298, 326, 297, 
299, 328, 327, 
299, 327, 298, 
300, 329, 328, 
300, 328, 299, 
301, 330, 329, 
301, 329, 300, 
302, 331, 330, 
302, 330, 301, 
303, 332, 331, 
303, 331, 302, 
304, 333, 332, 
304, 332, 303, 
305, 334, 333, 
305, 333, 304, 
306, 335, 334, 
306, 334, 305, 
307, 336, 335, 
307, 335, 306, 
308, 337, 336, 
308, 336, 307, 
309, 338, 337, 
309, 337, 308, 
310, 339, 338, 
310, 338, 309, 
311, 340, 339, 
311, 339, 310, 
312, 341, 340, 
312, 340, 311, 
313, 342, 341, 
313, 341, 312, 
314, 343, 342, 
314, 342, 313, 
315, 344, 343, 
315, 343, 314, 
316, 345, 344, 
316, 344, 315, 
317, 346, 345, 
317, 345, 316, 
318, 347, 346, 
318, 346, 317, 
319, 348, 347, 
319, 347, 318, 
321, 350, 349, 
321, 349, 320, 
322, 351, 350, 
322, 350, 321, 
323, 352, 351, 
323, 351, 322, 
324, 353, 352, 
324, 352, 323, 
325, 354, 353, 
325, 353, 324, 
326, 355, 354, 
326, 354, 325, 
327, 356, 355, 
327, 355, 326, 
328, 357, 356, 
328, 356, 327, 
329, 358, 357, 
329, 357, 328, 
330, 359, 358, 
330, 358, 329, 
331, 360, 359, 
331, 359, 330, 
332, 361, 360, 
332, 360, 331, 
333, 362, 361, 
333, 361, 332, 
334, 363, 362, 
334, 362, 333, 
335, 364, 363, 
335, 363, 334, 
336, 365, 364, 
336, 364, 335, 
337, 366, 365, 
337, 365, 336, 
338, 367, 366, 
338, 366, 337, 
339, 368, 367, 
339, 367, 338, 
340, 369, 368, 
340, 368, 339, 
341, 370, 369, 
341, 369, 340, 
342, 371, 370, 
342, 370, 341, 
343, 372, 371, 
343, 371, 342, 
344, 373, 372, 
344, 372, 343, 
345, 374, 373, 
345, 373, 344, 
346, 375, 374, 
346, 374, 345, 
347, 376, 375, 
347, 375, 346, 
348, 377, 376, 
348, 376, 347, 
4, 1, 378, 
379, 349, 350, 
6, 4, 380, 
381, 350, 351, 
8, 6, 382, 
383, 351, 352, 
10, 8, 384, 
385, 352, 353, 
12, 10, 386, 
387, 353, 354, 
14, 12, 388, 
389, 354, 355, 
16, 14, 390, 
391, 355, 356, 
18, 16, 392, 
393, 356, 357, 
20, 18, 394, 
395, 357, 358, 
22, 20, 396, 
397, 358, 359, 
24, 22, 398, 
399, 359, 360, 
26, 24, 400, 
401, 360, 361, 
28, 26, 402, 
403, 361, 362, 
30, 28, 404, 
405, 362, 363, 
32, 30, 406, 
407, 363, 364, 
34, 32, 408, 
409, 364, 365, 
36, 34, 410, 
411, 365, 366, 
38, 36, 412, 
413, 366, 367, 
40, 38, 414, 
415, 367, 368, 
42, 40, 416, 
417, 368, 369, 
44, 42, 418, 
419, 369, 370, 
46, 44, 420, 
421, 370, 371, 
48, 46, 422, 
423, 371, 372, 
50, 48, 424, 
425, 372, 373, 
52, 50, 426, 
427, 373, 374, 
54, 52, 428, 
429, 374, 375, 
56, 54, 430, 
431, 375, 376, 
58, 56, 432, 
433, 376, 377, 

