0 0.07142865657806 0
0 0.14285719394684 0
0.03571428731084 0.14285719394684 0
0.03571428731084 0.07142865657806 0
0.07142857462168 0.14285719394684 0
0.07142857462168 0.07142865657806 0
0.10714285820723 0.14285719394684 0
0.10714285820723 0.07142865657806 0
0.14285714924335 0.14285719394684 0
0.14285714924335 0.07142865657806 0
0.1785714328289 0.14285719394684 0
0.1785714328289 0.07142865657806 0
0.21428571641445 0.14285719394684 0
0.21428571641445 0.07142865657806 0
0.25 0.14285719394684 0
0.25 0.07142865657806 0
0.28571429848671 0.14285719394684 0
0.28571429848671 0.07142865657806 0
0.3214285671711 0.14285719394684 0
0.3214285671711 0.07142865657806 0
0.35714286565781 0.14285719394684 0
0.35714286565781 0.07142865657806 0
0.39285713434219 0.14285719394684 0
0.39285713434219 0.07142865657806 0
0.4285714328289 0.14285719394684 0
0.4285714328289 0.07142865657806 0
0.46428570151329 0.14285719394684 0
0.46428570151329 0.07142865657806 0
0.5 0.14285719394684 0
0.5 0.07142865657806 0
0.53571426868439 0.14285719394684 0
0.53571426868439 0.07142865657806 0
0.57142859697342 0.14285719394684 0
0.57142859697342 0.07142865657806 0
0.60714286565781 0.14285719394684 0
0.60714286565781 0.07142865657806 0
0.64285713434219 0.14285719394684 0
0.64285713434219 0.07142865657806 0
0.67857140302658 0.14285719394684 0
0.67857140302658 0.07142865657806 0
0.71428573131561 0.14285719394684 0
0.71428573131561 0.07142865657806 0
0.75 0.14285719394684 0
0.75 0.07142865657806 0
0.78571426868439 0.14285719394684 0
0.78571426868439 0.07142865657806 0
0.82142859697342 0.14285719394684 0
0.82142859697342 0.07142865657806 0
0.85714286565781 0.14285719394684 0
0.85714286565781 0.07142865657806 0
0.89285713434219 0.14285719394684 0
0.89285713434219 0.07142865657806 0
0.92857140302658 0.14285719394684 0
0.92857140302658 0.07142865657806 0
0.96428573131561 0.14285719394684 0
0.96428573131561 0.07142865657806 0
1 0.14285719394684 0
1 0.07142865657806 0
0 0.21428573131561 0
0.03571428731084 0.21428573131561 0
0.07142857462168 0.21428573131561 0
0.10714285820723 0.21428573131561 0
0.14285714924335 0.21428573131561 0
0.1785714328289 0.21428573131561 0
0.21428571641445 0.21428573131561 0
0.25 0.21428573131561 0
0.28571429848671 0.21428573131561 0
0.3214285671711 0.21428573131561 0
0.35714286565781 0.21428573131561 0
0.39285713434219 0.21428573131561 0
0.4285714328289 0.21428573131561 0
0.46428570151329 0.21428573131561 0
0.5 0.21428573131561 0
0.53571426868439 0.21428573131561 0
0.57142859697342 0.21428573131561 0
0.60714286565781 0.21428573131561 0
0.64285713434219 0.21428573131561 0
0.67857140302658 0.21428573131561 0
0.71428573131561 0.21428573131561 0
0.75 0.21428573131561 0
0.78571426868439 0.21428573131561 0
0.82142859697342 0.21428573131561 0
0.85714286565781 0.21428573131561 0
0.89285713434219 0.21428573131561 0
0.92857140302658 0.21428573131561 0
0.96428573131561 0.21428573131561 0
1 0.21428573131561 0
0 0.28571426868439 0
0.03571428731084 0.28571426868439 0
0.07142857462168 0.28571426868439 0
0.10714285820723 0.28571426868439 0
0.14285714924335 0.28571426868439 0
0.1785714328289 0.28571426868439 0
0.21428571641445 0.28571426868439 0
0.25 0.28571426868439 0
0.28571429848671 0.28571426868439 0
0.3214285671711 0.28571426868439 0
0.35714286565781 0.28571426868439 0
0.39285713434219 0.28571426868439 0
0.4285714328289 0.28571426868439 0
0.46428570151329 0.28571426868439 0
0.5 0.28571426868439 0
0.53571426868439 0.28571426868439 0
0.57142859697342 0.28571426868439 0
0.60714286565781 0.28571426868439 0
0.64285713434219 0.28571426868439 0
0.67857140302658 0.28571426868439 0
0.71428573131561 0.28571426868439 0
0.75 0.28571426868439 0
0.78571426868439 0.28571426868439 0
0.82142859697342 0.28571426868439 0
0.85714286565781 0.28571426868439 0
0.89285713434219 0.28571426868439 0
0.92857140302658 0.28571426868439 0
0.96428573131561 0.28571426868439 0
1 0.28571426868439 0
0 0.35714292526245 0
0.03571428731084 0.35714292526245 0
0.07142857462168 0.35714292526245 0
0.10714285820723 0.35714292526245 0
0.14285714924335 0.35714292526245 0
0.1785714328289 0.35714292526245 0
0.21428571641445 0.35714292526245 0
0.25 0.35714292526245 0
0.28571429848671 0.35714292526245 0
0.3214285671711 0.35714292526245 0
0.35714286565781 0.35714292526245 0
0.39285713434219 0.35714292526245 0
0.4285714328289 0.35714292526245 0
0.46428570151329 0.35714292526245 0
0.5 0.35714292526245 0
0.53571426868439 0.35714292526245 0
0.57142859697342 0.35714292526245 0
0.60714286565781 0.35714292526245 0
0.64285713434219 0.35714292526245 0
0.67857140302658 0.35714292526245 0
0.71428573131561 0.35714292526245 0
0.75 0.35714292526245 0
0.78571426868439 0.35714292526245 0
0.82142859697342 0.35714292526245 0
0.85714286565781 0.35714292526245 0
0.89285713434219 0.35714292526245 0
0.92857140302658 0.35714292526245 0
0.96428573131561 0.35714292526245 0
1 0.35714292526245 0
0 0.42857146263123 0
0.03571428731084 0.42857146263123 0
0.07142857462168 0.42857146263123 0
0.10714285820723 0.42857146263123 0
0.14285714924335 0.42857146263123 0
0.1785714328289 0.42857146263123 0
0.21428571641445 0.42857146263123 0
0.25 0.42857146263123 0
0.28571429848671 0.42857146263123 0
0.3214285671711 0.42857146263123 0
0.35714286565781 0.42857146263123 0
0.39285713434219 0.42857146263123 0
0.4285714328289 0.42857146263123 0
0.46428570151329 0.42857146263123 0
0.5 0.42857146263123 0
0.53571426868439 0.42857146263123 0
0.57142859697342 0.42857146263123 0
0.60714286565781 0.42857146263123 0
0.64285713434219 0.42857146263123 0
0.67857140302658 0.42857146263123 0
0.71428573131561 0.42857146263123 0
0.75 0.42857146263123 0
0.78571426868439 0.42857146263123 0
0.82142859697342 0.42857146263123 0
0.85714286565781 0.42857146263123 0
0.89285713434219 0.42857146263123 0
0.92857140302658 0.42857146263123 0
0.96428573131561 0.42857146263123 0
1 0.42857146263123 0
0 0.5 0
0.03571428731084 0.5 0
0.07142857462168 0.5 0
0.10714285820723 0.5 0
0.14285714924335 0.5 0
0.1785714328289 0.5 0
0.21428571641445 0.5 0
0.25 0.5 0
0.28571429848671 0.5 0
0.3214285671711 0.5 0
0.35714286565781 0.5 0
0.39285713434219 0.5 0
0.4285714328289 0.5 0
0.46428570151329 0.5 0
0.5 0.5 0
0.53571426868439 0.5 0
0.57142859697342 0.5 0
0.60714286565781 0.5 0
0.64285713434219 0.5 0
0.67857140302658 0.5 0
0.71428573131561 0.5 0
0.75 0.5 0
0.78571426868439 0.5 0
0.82142859697342 0.5 0
0.85714286565781 0.5 0
0.89285713434219 0.5 0
0.92857140302658 0.5 0
0.96428573131561 0.5 0
1 0.5 0
0 0.57142859697342 0
0.03571428731084 0.57142859697342 0
0.07142857462168 0.57142859697342 0
0.10714285820723 0.57142859697342 0
0.14285714924335 0.57142859697342 0
0.1785714328289 0.57142859697342 0
0.21428571641445 0.57142859697342 0
0.25 0.57142859697342 0
0.28571429848671 0.57142859697342 0
0.3214285671711 0.57142859697342 0
0.35714286565781 0.57142859697342 0
0.39285713434219 0.57142859697342 0
0.4285714328289 0.57142859697342 0
0.46428570151329 0.57142859697342 0
0.5 0.57142859697342 0
0.53571426868439 0.57142859697342 0
0.57142859697342 0.57142859697342 0
0.60714286565781 0.57142859697342 0
0.64285713434219 0.57142859697342 0
0.67857140302658 0.57142859697342 0
0.71428573131561 0.57142859697342 0
0.75 0.57142859697342 0
0.78571426868439 0.57142859697342 0
0.82142859697342 0.57142859697342 0
0.85714286565781 0.57142859697342 0
0.89285713434219 0.57142859697342 0
0.92857140302658 0.57142859697342 0
0.96428573131561 0.57142859697342 0
1 0.57142859697342 0
0 0.64285713434219 0
0.03571428731084 0.64285713434219 0
0.07142857462168 0.64285713434219 0
0.10714285820723 0.64285713434219 0
0.14285714924335 0.64285713434219 0
0.1785714328289 0.64285713434219 0
0.21428571641445 0.64285713434219 0
0.25 0.64285713434219 0
0.28571429848671 0.64285713434219 0
0.3214285671711 0.64285713434219 0
0.35714286565781 0.64285713434219 0
0.39285713434219 0.64285713434219 0
0.4285714328289 0.64285713434219 0
0.46428570151329 0.64285713434219 0
0.5 0.64285713434219 0
0.53571426868439 0.64285713434219 0
0.57142859697342 0.64285713434219 0
0.60714286565781 0.64285713434219 0
0.64285713434219 0.64285713434219 0
0.67857140302658 0.64285713434219 0
0.71428573131561 0.64285713434219 0
0.75 0.64285713434219 0
0.78571426868439 0.64285713434219 0
0.82142859697342 0.64285713434219 0
0.85714286565781 0.64285713434219 0
0.89285713434219 0.64285713434219 0
0.92857140302658 0.64285713434219 0
0.96428573131561 0.64285713434219 0
1 0.64285713434219 0
0 0.71428573131561 0
0.03571428731084 0.71428573131561 0
0.07142857462168 0.71428573131561 0
0.10714285820723 0.71428573131561 0
0.14285714924335 0.71428573131561 0
0.1785714328289 0.71428573131561 0
0.21428571641445 0.71428573131561 0
0.25 0.71428573131561 0
0.28571429848671 0.71428573131561 0
0.3214285671711 0.71428573131561 0
0.35714286565781 0.71428573131561 0
0.39285713434219 0.71428573131561 0
0.4285714328289 0.71428573131561 0
0.46428570151329 0.71428573131561 0
0.5 0.71428573131561 0
0.53571426868439 0.71428573131561 0
0.57142859697342 0.71428573131561 0
0.60714286565781 0.71428573131561 0
0.64285713434219 0.71428573131561 0
0.67857140302658 0.71428573131561 0
0.71428573131561 0.71428573131561 0
0.75 0.71428573131561 0
0.78571426868439 0.71428573131561 0
0.82142859697342 0.71428573131561 0
0.85714286565781 0.71428573131561 0
0.89285713434219 0.71428573131561 0
0.92857140302658 0.71428573131561 0
0.96428573131561 0.71428573131561 0
1 0.71428573131561 0
0 0.78571426868439 0
0.03571428731084 0.78571426868439 0
0.07142857462168 0.78571426868439 0
0.10714285820723 0.78571426868439 0
0.14285714924335 0.78571426868439 0
0.1785714328289 0.78571426868439 0
0.21428571641445 0.78571426868439 0
0.25 0.78571426868439 0
0.28571429848671 0.78571426868439 0
0.3214285671711 0.78571426868439 0
0.35714286565781 0.78571426868439 0
0.39285713434219 0.78571426868439 0
0.4285714328289 0.78571426868439 0
0.46428570151329 0.78571426868439 0
0.5 0.78571426868439 0
0.53571426868439 0.78571426868439 0
0.57142859697342 0.78571426868439 0
0.60714286565781 0.78571426868439 0
0.64285713434219 0.78571426868439 0
0.67857140302658 0.78571426868439 0
0.71428573131561 0.78571426868439 0
0.75 0.78571426868439 0
0.78571426868439 0.78571426868439 0
0.82142859697342 0.78571426868439 0
0.85714286565781 0.78571426868439 0
0.89285713434219 0.78571426868439 0
0.92857140302658 0.78571426868439 0
0.96428573131561 0.78571426868439 0
1 0.78571426868439 0
0 0.85714286565781 0
0.03571428731084 0.85714286565781 0
0.07142857462168 0.85714286565781 0
0.10714285820723 0.85714286565781 0
0.14285714924335 0.85714286565781 0
0.1785714328289 0.85714286565781 0
0.21428571641445 0.85714286565781 0
0.25 0.85714286565781 0
0.28571429848671 0.85714286565781 0
0.3214285671711 0.85714286565781 0
0.35714286565781 0.85714286565781 0
0.39285713434219 0.85714286565781 0
0.4285714328289 0.85714286565781 0
0.46428570151329 0.85714286565781 0
0.5 0.85714286565781 0
0.53571426868439 0.85714286565781 0
0.57142859697342 0.85714286565781 0
0.60714286565781 0.85714286565781 0
0.64285713434219 0.85714286565781 0
0.67857140302658 0.85714286565781 0
0.71428573131561 0.85714286565781 0
0.75 0.85714286565781 0
0.78571426868439 0.85714286565781 0
0.82142859697342 0.85714286565781 0
0.85714286565781 0.85714286565781 0
0.89285713434219 0.85714286565781 0
0.92857140302658 0.85714286565781 0
0.96428573131561 0.85714286565781 0
1 0.85714286565781 0
0 0.92857146263123 0
0.03571428731084 0.92857146263123 0
0.07142857462168 0.92857146263123 0
0.10714285820723 0.92857146263123 0
0.14285714924335 0.92857146263123 0
0.1785714328289 0.92857146263123 0
0.21428571641445 0.92857146263123 0
0.25 0.92857146263123 0
0.28571429848671 0.92857146263123 0
0.3214285671711 0.92857146263123 0
0.35714286565781 0.92857146263123 0
0.39285713434219 0.92857146263123 0
0.4285714328289 0.92857146263123 0
0.46428570151329 0.92857146263123 0
0.5 0.92857146263123 0
0.53571426868439 0.92857146263123 0
0.57142859697342 0.92857146263123 0
0.60714286565781 0.92857146263123 0
0.64285713434219 0.92857146263123 0
0.67857140302658 0.92857146263123 0
0.71428573131561 0.92857146263123 0
0.75 0.92857146263123 0
0.78571426868439 0.92857146263123 0
0.82142859697342 0.92857146263123 0
0.85714286565781 0.92857146263123 0
0.89285713434219 0.92857146263123 0
0.92857140302658 0.92857146263123 0
0.96428573131561 0.92857146263123 0
1 0.92857146263123 0
0 0 0
0 1 0
0.03571428731084 0 0
0.03571428731084 1 0
0.07142857462168 0 0
0.07142857462168 1 0
0.10714285820723 0 0
0.10714285820723 1 0
0.14285714924335 0 0
0.14285714924335 1 0
0.1785714328289 0 0
0.1785714328289 1 0
0.21428571641445 0 0
0.21428571641445 1 0
0.25 0 0
0.25 1 0
0.28571429848671 0 0
0.28571429848671 1 0
0.3214285671711 0 0
0.3214285671711 1 0
0.35714286565781 0 0
0.35714286565781 1 0
0.39285713434219 0 0
0.39285713434219 1 0
0.4285714328289 0 0
0.4285714328289 1 0
0.46428570151329 0 0
0.46428570151329 1 0
0.5 0 0
0.5 1 0
0.53571426868439 0 0
0.53571426868439 1 0
0.57142859697342 0 0
0.57142859697342 1 0
0.60714286565781 0 0
0.60714286565781 1 0
0.64285713434219 0 0
0.64285713434219 1 0
0.67857140302658 0 0
0.67857140302658 1 0
0.71428573131561 0 0
0.71428573131561 1 0
0.75 0 0
0.75 1 0
0.78571426868439 0 0
0.78571426868439 1 0
0.82142859697342 0 0
0.82142859697342 1 0
0.85714286565781 0 0
0.85714286565781 1 0
0.89285713434219 0 0
0.89285713434219 1 0
0.92857140302658 0 0
0.92857140302658 1 0
0.96428573131561 0 0
0.96428573131561 1 0